##TITLE= Parameter file, TopSpin 4.0.5
##JCAMPDX= 5.0
##DATATYPE= Parameter Values
##NPOINTS= 1039	$$ modification sequence number
##ORIGIN= Bruker BioSpin GmbH
##OWNER= ludwigc
$$ 2022-03-07 03:13:39.370 +0000  ludwigc@CZC7388LVT
$$ /opt/topspin4.0.5/data/ludwigc/nmr/chris_sadr_04032022/15/acqus
$$ process /opt/topspin4.0.5/prog/au/bin/sertoint
##$ACQT0= 0
##$AMP= (0..31)
100 100 100 100 100 100 100 100 100 100 100 100 100 100 100 100 100 100
100 100 100 100 100 100 100 100 100 100 100 100 100 100
##$AMPCOIL= (0..32)
-1 0 0 0 0 0 0 0 0 0 0 0 0 0 0 0 0 0 0 0 0 0 0 0 0 0 0 0 0 0 0 0 0
##$AQSEQ= 0
##$AQ_mod= 3
##$AUNM= <au_prof>
##$AUTOPOS= <1  D1 - 104 >
##$BF1= 799.75
##$BF2= 201.097297
##$BF3= 81.037964
##$BF4= 799.75
##$BF5= 799.75
##$BF6= 799.75
##$BF7= 799.75
##$BF8= 799.75
##$BWFAC= (0..63)
0 0 0 0 0 0 0 0 0 0 0 0 0 0 0 0 0 0 0 0 0 0 0 0 0 0 0 0 0 0 0 0 0 0 0 0
0 0 0 0 0 0 0 0 0 0 0 0 0 0 0 0 0 0 0 0 0 0 0 0 0 0 0 0
##$BYTORDA= 0
##$CAGPARS= (0..11)
0 0 0 0 0 0 0 0 0 0 0 0
##$CHANFCU= (0..24)
0 1 0 2 3 0 0 0 0 0 0 0 0 0 0 0 0 0 0 0 0 0 0 0 0
##$CHANREC= (0..24)
0 1 0 2 3 0 0 0 0 0 0 0 0 0 0 0 0 0 0 0 0 0 0 0 0
##$CHEMSTR= <none>
##$CNST= (0..63)
1 1 145 1 1 1 1 1 1 1 1 1 1 1 1 1 1 1 4 1 1 1 1 1 1 1 1 1 1 1 1 1 1 1 1
1 1 1 1 1 1 1 1 1 1 1 1 1 1 1 1 1 1 1 1 1 1 1 1 1 1 1 1 1
##$CPDPRG= (0..8)
<> <> <bi_p5m4sp_4sp.2> <> <> <> <> <> <>
##$D= (0..63)
3e-06 1.6 0 0 0.001724138 0 0 0 0 0 3e-06 0.03 2e-05 0 0 0 0.0002 0 0 0
0 0 0 0 0 0 0 0 0 0 0 0 0 0 0 0 0 0 0 0 0 0 0 0 0 0 0 0 0 0 0 0 0 0 0 0
0 0 0 0 0 0 0 0
##$DATE= 1646622832
##$DE= 18
##$DECBNUC= <off>
##$DECIM= 1600
##$DECNUC= <off>
##$DECSTAT= 4
##$DIGMOD= 3
##$DIGTYP= 17
##$DQDMODE= 0
##$DR= 32
##$DS= 16
##$DSPFIRM= 1
##$DSPFVS= 21
##$DTYPA= 0
##$EXP= <sadrhsqc2>
##$FCUCHAN= (0..9)
0 1 3 4 0 0 0 0 0 0
##$FL1= 0
##$FL2= 0
##$FL3= 0
##$FL4= 0
##$FN_INDIRECT= (0..7)
0 0 0 0 0 0 0 0
##$FOV= 0
##$FQ1LIST= <>
##$FQ2LIST= <>
##$FQ3LIST= <>
##$FQ4LIST= <>
##$FQ5LIST= <>
##$FQ6LIST= <>
##$FQ7LIST= <>
##$FQ8LIST= <>
##$FS= (0..7)
83 83 83 83 83 83 83 83
##$FTLPGN= 0
##$FW= 2.4e+08
##$FnILOOP= 0
##$FnMODE= 0
##$FnTYPE= 2
##$GPNAM= (0..31)
<> <SMSQ10.100> <SMSQ10.100> <SMSQ10.100> <SMSQ10.100> <> <> <> <> <> <>
<> <> <> <> <> <> <> <> <> <> <> <> <> <> <> <> <> <> <> <> <>
##$GPX= (0..31)
0 0 0 0 0 0 0 0 0 0 0 0 0 0 0 0 0 0 0 0 0 0 0 0 0 0 0 0 0 0 0 0
##$GPY= (0..31)
0 0 0 0 0 0 0 0 0 0 0 0 0 0 0 0 0 0 0 0 0 0 0 0 0 0 0 0 0 0 0 0
##$GPZ= (0..31)
0 80 20.1 85 85 0 0 0 0 0 0 0 0 0 0 0 0 0 0 0 0 0 0 0 0 0 0 0 0 0 0 0
##$GRPDLY= 76
##$HDDUTY= 20
##$HDRATE= 1
##$HGAIN= (0..3)
0 0 0 0
##$HL1= 0
##$HL2= 0
##$HL3= 0
##$HL4= 0
##$HOLDER= 104
##$HPMOD= (0..32)
0 0 0 0 0 0 0 0 0 0 0 0 0 0 0 0 0 0 0 0 0 0 0 0 0 0 0 0 0 0 0 0 0
##$HPPRGN= 0
##$IN= (0..63)
1.31e-05 5.24e-05 0 0 0 0 0 0 0 0 3.93e-05 0 0 0 0 0 0 0 0 0 0 0 0 0 0
0 0 0 0 0 0 0 0 0 0 0 0 0 0 0 0 0 0 0 0 0 0 0 0 0 0 0 0 0 0 0 0 0 0 0 0
0 0 0
##$INF= (0..7)
0 26.2 0 0 0 0 0 0
##$INP= (0..63)
0 0 0 0 0 0 0 0 0 0 0 0 0 0 0 0 0 0 0 0 0 0 0 0 0 0 0 0 0 0 0 0 0 0 0 0
0 0 0 0 0 0 0 0 0 0 0 0 0 0 0 0 0 0 0 0 0 0 0 0 0 0 0 0
##$INSTRUM= <Avance Neo 800>
##$INTEGFAC= (0..63)
0 0 0 0 0 0 0 0 0 0 0 0 0 0 0 0 0 0 0 0 0 0 0 0 0 0 0 0 0 0 0 0 0 0 0 0
0 0 0 0 0 0 0 0 0 0 0 0 0 0 0 0 0 0 0 0 0 0 0 0 0 0 0 0
##$L= (0..31)
1 1 1 1 1 1 1 1 1 1 1 1 1 1 1 1 1 1 1 1 1 1 1 1 1 1 1 1 1 1 1 1
##$LFILTER= 50
##$LGAIN= -9.39999961853027
##$LINPSTP= 0
##$LOCKED= yes
##$LOCKFLD= 580
##$LOCKGN= 148.817245483398
##$LOCKPOW= -18
##$LOCKPPM= 4.69999980926514
##$LOCNUC= <2H>
##$LOCPHAS= 135.2129
##$LOCSHFT= yes
##$LOCSW= 0
##$LTIME= 0.46399998664856
##$MASR= 5000
##$MASRLST= <masrlst>
##$MULEXPNO= (0..15)
0 0 0 0 0 0 0 0 0 0 0 0 0 0 0 0
##$NBL= 1
##$NC= -6
##$NLOGCH= 4
##$NOVFLW= 0
##$NS= 8
##$NUC1= <1H>
##$NUC2= <13C>
##$NUC3= <15N>
##$NUC4= <off>
##$NUC5= <off>
##$NUC6= <off>
##$NUC7= <off>
##$NUC8= <off>
##$NUCLEUS= <off>
##$NUSLIST= <2048_512_2d.nuslist>
##$NusAMOUNT= 25
##$NusFPNZ= no
##$NusJSP= 0
##$NusSEED= 54321
##$NusSPTYPE= 0
##$NusT2= 1
##$NusTD= 0
##$O1= 3763.98
##$O2= 16087.78
##$O3= 0
##$O4= 0
##$O5= 3758.83
##$O6= 3758.83
##$O7= 3758.83
##$O8= 3758.83
##$OVERFLW= 0
##$P= (0..63)
11.13 11.13 22.26 12 24 16.5 25 50 20000 25 50 80000 80000 1000 500 0 1000
2500 100000 600 2000 35 70 0 2000 136 100000 10.22 0 1000 0 1498 20000
0 0 0 40000 0 0 120 2000 0 0 2370 150 0 80000 46600 10000 0 80000 0 0 0
0 0 500 0 0 0 0 0 500 1500
##$PACOIL= (0..32)
1 4 2 3 0 0 0 0 0 0 0 0 0 0 0 0 0 0 0 0 0 0 0 0 0 0 0 0 0 0 0 0 0
##$PAPS= 0
##$PARMODE= 1
##$PCPD= (0..9)
0 80 55 170 0 0 0 0 0 0
##$PEXSEL= (0..9)
1 1 1 1 1 1 1 1 1 1
##$PHCOR= (0..31)
0 0 0 0 0 0 0 0 0 0 0 0 0 0 0 0 0 0 0 0 0 0 0 0 0 0 0 0 0 0 0 0
##$PHLIST= <>
##$PH_ref= 0
##$PL= (0..63)
120 120 120 120 120 120 120 120 120 120 120 120 120 120 120 120 120 120
120 120 120 120 120 120 120 120 120 120 120 120 120 120 120 120 120 120
120 120 120 120 120 120 120 120 120 120 120 120 120 120 120 120 120 120
120 120 120 120 120 120 120 120 120 120
##$PLSTEP= 0.1
##$PLSTRT= -6
##$PLW= (0..63)
0 0.4 152.85 198.44 0 0 0 0 0 1.9822e-06 0.066838 0.0085252 7.356782 3.68722
0 35.216 7.859116 0 0.39994 0.0065271 0 0.35216 0 19.037 0.039129 16.406
2.201 0.0090341 0 0.066838 7.356782 35.216 6.6838e-08 3.938989 0 0 20.09
0 0 0 0 0 0 0 0 0 0 0 0 0 0 0 0 0 0 0 0 0 0 0 0 0 0 0
##$PLWMAX= (0..7)
106.0902 331.6132 493.2963 0 0 0 0 0
##$PQPHASE= 0
##$PQSCALE= 1
##$PR= 1
##$PRECHAN= (0..32)
-1 2 -1 0 1 3 -1 -1 -1 -1 -1 -1 -1 -1 -1 -1 -1 -1 -1 -1 -1 -1 -1 -1 -1
-1 -1 -1 -1 -1 -1 -1 -1
##$PRGAIN= 0
##$PROBHD= <Z151346_0004 (CP TCI 800S4 H-C/N-D-01.7 Z)>
##$PROBINPUTS= (0..15)
<1H> <13C> <15N> <2H> <> <> <> <> <> <> <> <> <> <> <> <>
##$PULPROG= <jres_hsqcetgpsp_vrt.22.cl>
##$PW= 0
##$PYNM= <>
##$ProjAngle= 0
##$QNP= 0
##$RD= 0
##$RECCHAN= (0..9)
0 1 3 4 0 0 0 0 0 0
##$RECPH= 0
##$RECPRE= (0..24)
-1 0 -1 2 3 -1 -1 -1 -1 -1 -1 -1 -1 -1 -1 -1 -1 -1 -1 -1 -1 -1 -1 -1 -1
##$RECPRFX= (0..32)
1 1 1 1 0 0 0 0 0 0 0 0 0 0 0 0 0 0 0 0 0 0 0 0 0 0 0 0 0 0 0 0 0
##$RECSEL= (0..24)
0 1 0 3 4 0 0 0 0 0 0 0 0 0 0 0 0 0 0 0 0 0 0 0 0
##$RG= 64
##$RO= 0
##$RSEL= (0..24)
0 1 0 3 4 0 0 0 0 0 0 0 0 0 0 0 0 0 0 0 0 0 0 0 0
##$S= (0..7)
83 83 83 83 83 83 83 83
##$SELREC= (0..24)
0 0 0 0 0 0 0 0 0 0 0 0 0 0 0 0 0 0 0 0 0 0 0 0 0
##$SFO1= 799.75376398
##$SFO2= 201.11338478
##$SFO3= 81.037964
##$SFO4= 799.75
##$SFO5= 799.75375883
##$SFO6= 799.75375883
##$SFO7= 799.75375883
##$SFO8= 799.75375883
##$SOLVENT= <H2O+D2O>
##$SOLVOLD= <off>
##$SP= (0..63)
120 120 120 120 120 120 120 120 120 120 120 120 120 120 120 120 120 120
120 120 120 120 120 120 120 120 120 120 120 120 120 120 120 120 120 120
120 120 120 120 120 120 120 120 120 120 120 120 120 120 120 120 120 120
120 120 120 120 120 120 120 120 120 120
##$SPECTR= 0
##$SPINCNT= 0
##$SPNAM= (0..63)
<> <Gaus1_270.1000> <Gaus1_180r.1000> <Crp80,0.5,20.1> <Bip720,100,10.1>
<Sinc1.1000> <Squa100.1000> <Crp80comp.4> <Squa100.1000> <> <Sinc1.1000>
<Sinc1.1000> <> <> <Crp48,1.5,20.2> <Bip720,50,20.1> <> <> <Crp60_xfilt.2>
<Sinc1.1000> <Sinc1.1000> <Sinc1.1000> <Sinc1.1000> <> <> <> <Q3_surbop.1>
<> <> <Crp60,20,20.10> <Bip720,50,20.1> <Crp48,1.5,20.2> <Q3_surbop.1>
<> <Rsnob.1000> <Gaus1_180r.1000> <Gaus1_180r.1000> <> <> <Bip720,50,20.1>
<Gaus1_180r.1000> <Squa100.1000> <0.0> <> <> <> <> <> <> <> <> <> <> <>
<> <> <> <> <> <> <> <> <> <>
##$SPOAL= (0..63)
0.5 1 0.5 0.5 0.5 0.5 0.5 0.5 0.5 0.5 0.5 0.5 0.5 0.5 0.5 0.5 0.5 0.5 0.5
1 1 1 1 0.5 0.5 0.5 0.5 0.5 0.5 0.5 0.5 0.5 0.5 0.5 0.5 0.5 0.5 0.5 0.5
0.5 0.5 0.5 0.5 0.5 0.5 0.5 0.5 0.5 0.5 0.5 0.5 0.5 0.5 0.5 0.5 0.5 0.5
0.5 0.5 0.5 0.5 0.5 0.5 0.5
##$SPOFFS= (0..63)
0 0 0 0 0 0 0 0 0 0 0 0 0 0 0 0 0 0 0 0 0 0 0 0 0 0 0 0 0 0 0 0 0 0 0 0
0 0 0 0 0 0 0 0 0 0 0 0 0 0 0 0 0 0 0 0 0 0 0 0 0 0 0 0
##$SPPEX= (0..63)
0 0 0 0 0 0 0 0 0 0 0 0 0 0 0 0 0 0 0 0 0 0 0 0 0 0 0 0 0 0 0 0 0 0 0 0
0 0 0 0 0 0 0 0 0 0 0 0 0 0 0 0 0 0 0 0 0 0 0 0 0 0 0 0
##$SPW= (0..63)
0 3.4679e-07 1.5413e-07 44.838 97.822 0.00012045 1.9822e-06 44.838 4.1774e-09
0 0.00012045 0.00012045 0 0 21.522 62.23 0 0 12.963 2.460232e-07 3.824351e-07
1.785701e-07 9.630137e-07 0 0 0 0.0037905 0 0 0.0015956 0.11882 5.3806
1.0797 0 1.685e-06 1.5413e-07 9.8641e-06 0 0 62.23 1.5413e-07 4.1774e-09
0 0 0 0 0 0 0 0 0 0 0 0 0 0 0 0 0 0 0 0 0 0
##$SUBNAM= (0..9)
<> <> <> <> <> <> <> <> <> <>
##$SW= 15.6298107779992
##$SWIBOX= (0..32)
0 3 0 1 5 0 0 0 0 0 0 0 0 0 0 0 0 0 0 0 0 0 0 0 0 0 0 0 0 0 0 0 0
##$SW_h= 12500
##$SWfinal= 0
##$SigLockShift= 0
##$TD= 1024
##$TD0= 1
##$TD_INDIRECT= (0..7)
0 4096 0 0 0 0 0 0
##$TDav= 1
##$TE= 300.0004
##$TE1= 301.6211
##$TE2= 0
##$TE3= 0
##$TE4= 0
##$TEG= 300
##$TE_MAGNET= 0
##$TE_PIDX= 1
##$TE_STAB= (0..9)
2 2 0 0 0 0 0 0 0 0
##$TOTROT= (0..63)
0 0 0 0 0 0 0 0 0 0 0 0 0 0 0 0 0 0 0 0 0 0 0 0 0 0 0 0 0 0 0 0 0 0 0 0
0 0 0 0 0 0 0 0 0 0 0 0 0 0 0 0 0 0 0 0 0 0 0 0 0 0 0 0
##$TUBE_TYPE= <>
##$USERA1= <>
##$USERA2= <>
##$USERA3= <>
##$USERA4= <>
##$USERA5= <>
##$V9= 5
##$VALIDCODE= -1
##$VALIST= <>
##$VCLIST= <>
##$VDLIST= <>
##$VPLIST= <>
##$VTLIST= <>
##$WBST= 1024
##$WBSW= (0..7)
4 10 10 10 10 10 10 10
##$XGAIN= (0..3)
0 0 0 0
##$XL= 0
##$YL= 0
##$YMAX_a= 645806670
##$YMIN_a= -623022699
##$ZGOPTNS= <-DLABEL_CN>
##$ZL1= 120
##$ZL2= 120
##$ZL3= 120
##$ZL4= 120
##$scaledByNS= no
##$scaledByRG= no
##END=
